0.27 0.32 0.49 1/146 16443
0.27 0.32 0.49 1/146 16451
0.27 0.32 0.49 1/145 16459
0.24 0.31 0.48 1/145 16467
0.24 0.31 0.48 1/145 16475
0.24 0.31 0.48 1/145 16483
0.24 0.31 0.48 1/145 16491
0.24 0.31 0.48 1/145 16499
0.63 0.39 0.51 1/151 16514
0.63 0.39 0.51 1/151 16522
0.63 0.39 0.51 1/153 16532
0.63 0.39 0.51 1/153 16540
0.63 0.39 0.51 1/153 16548
0.58 0.38 0.50 1/153 16556
0.58 0.38 0.50 1/153 16564
0.58 0.38 0.50 1/145 16572
0.58 0.38 0.50 1/145 16580
0.58 0.38 0.50 1/145 16588
0.53 0.38 0.50 1/145 16596
0.53 0.38 0.50 1/145 16604
0.53 0.38 0.50 1/145 16612
0.53 0.38 0.50 1/146 16621
0.49 0.37 0.50 1/146 16629
0.49 0.37 0.50 1/146 16637
0.49 0.37 0.50 1/145 16645
0.49 0.37 0.50 1/145 16653
0.49 0.37 0.50 1/146 16662
0.45 0.36 0.50 1/146 16670
0.45 0.36 0.50 1/146 16678
0.45 0.36 0.50 1/145 16686
0.45 0.36 0.50 1/145 16694
0.45 0.36 0.50 1/145 16702
0.41 0.36 0.49 1/145 16710
0.41 0.36 0.49 1/145 16718
0.41 0.36 0.49 1/145 16726
0.41 0.36 0.49 1/151 16741
0.41 0.36 0.49 1/151 16749
0.38 0.35 0.49 1/152 16758
0.38 0.35 0.49 1/153 16767
0.38 0.35 0.49 1/153 16775
0.38 0.35 0.49 1/153 16783
0.38 0.35 0.49 1/153 16791
0.35 0.35 0.49 1/153 16799
0.35 0.35 0.49 1/153 16807
0.35 0.35 0.49 1/153 16815
0.35 0.35 0.49 1/145 16823
0.35 0.35 0.49 1/145 16831
0.32 0.34 0.48 1/145 16839
0.32 0.34 0.48 1/145 16847
0.32 0.34 0.48 1/146 16856
0.32 0.34 0.48 1/146 16864
0.32 0.34 0.48 1/146 16872
0.53 0.38 0.50 1/146 16880
0.53 0.38 0.50 1/146 16888
0.53 0.38 0.50 1/146 16896
0.53 0.38 0.50 1/146 16904
0.53 0.38 0.50 1/146 16912
0.49 0.38 0.49 1/146 16920
0.49 0.38 0.49 1/146 16928
0.49 0.38 0.49 1/146 16936
0.49 0.38 0.49 1/145 16944
0.49 0.38 0.49 1/145 16952
0.45 0.37 0.49 1/145 16960
0.45 0.37 0.49 1/145 16968
0.45 0.37 0.49 1/145 16976
0.45 0.37 0.49 1/145 16984
0.41 0.36 0.49 1/151 16999
0.41 0.36 0.49 1/151 17007
0.41 0.36 0.49 1/151 17015
0.41 0.36 0.49 1/153 17025
0.41 0.36 0.49 1/153 17033
0.38 0.36 0.49 1/153 17041
0.38 0.36 0.49 1/153 17049
0.38 0.36 0.49 2/153 17057
0.38 0.36 0.49 1/154 17066
0.38 0.36 0.49 1/154 17074
0.35 0.35 0.48 1/154 17082
0.35 0.35 0.48 1/154 17090
0.35 0.35 0.48 1/154 17098
0.35 0.35 0.48 1/146 17106
0.35 0.35 0.48 1/146 17114
0.32 0.35 0.48 1/146 17122
0.32 0.35 0.48 2/146 17130
0.32 0.35 0.48 1/146 17138
0.32 0.35 0.48 1/146 17146
0.32 0.35 0.48 1/149 17157
