      date     time           total        used        free      shared  buff/cache   available
2021-04-08 14:35:29            1993         601        1080           0         310        1238
2021-04-08 14:35:30            1993         601        1080           0         310        1238
2021-04-08 14:35:31            1993         600        1081           0         310        1239
2021-04-08 14:35:32            1993         602        1079           0         310        1236
2021-04-08 14:35:33            1993         602        1079           0         310        1236
2021-04-08 14:35:34            1993         603        1078           0         310        1236
2021-04-08 14:35:35            1993         603        1079           0         310        1236
2021-04-08 14:35:36            1993         604        1077           0         310        1234
2021-04-08 14:35:37            1993         626        1055           0         310        1212
2021-04-08 14:35:39            1993         628        1053           0         310        1210
2021-04-08 14:35:40            1993         628        1053           0         310        1211
2021-04-08 14:35:41            1993         628        1053           0         310        1211
2021-04-08 14:35:42            1993         628        1053           0         310        1211
2021-04-08 14:35:43            1993         628        1053           0         310        1211
2021-04-08 14:35:44            1993         630        1051           0         310        1209
2021-04-08 14:35:45            1993         613        1068           0         310        1226
2021-04-08 14:35:46            1993         615        1066           0         310        1224
2021-04-08 14:35:47            1993         617        1064           0         310        1222
2021-04-08 14:35:48            1993         617        1064           0         310        1221
2021-04-08 14:35:49            1993         617        1064           0         311        1222
2021-04-08 14:35:50            1993         617        1064           0         311        1221
2021-04-08 14:35:51            1993         618        1063           0         311        1221
2021-04-08 14:35:52            1993         618        1063           0         311        1221
2021-04-08 14:35:53            1993         620        1061           0         311        1219
2021-04-08 14:35:54            1993         619        1062           0         311        1219
2021-04-08 14:35:55            1993         620        1061           0         311        1219
2021-04-08 14:35:56            1993         620        1061           0         311        1219
2021-04-08 14:35:57            1993         620        1061           0         311        1219
2021-04-08 14:35:58            1993         620        1061           0         311        1219
2021-04-08 14:35:59            1993         620        1061           0         311        1219
2021-04-08 14:36:00            1993         619        1062           0         311        1219
2021-04-08 14:36:01            1993         620        1061           0         311        1219
2021-04-08 14:36:02            1993         620        1061           0         311        1219
2021-04-08 14:36:03            1993         620        1061           0         311        1219
2021-04-08 14:36:04            1993         620        1061           0         311        1219
2021-04-08 14:36:05            1993         636        1045           0         311        1203
2021-04-08 14:36:06            1993         636        1045           0         311        1203
2021-04-08 14:36:07            1993         636        1045           0         311        1203
2021-04-08 14:36:08            1993         636        1045           0         311        1203
2021-04-08 14:36:09            1993         636        1044           0         311        1202
2021-04-08 14:36:10            1993         636        1045           0         311        1203
2021-04-08 14:36:11            1993         636        1045           0         311        1203
2021-04-08 14:36:12            1993         636        1045           0         311        1202
2021-04-08 14:36:13            1993         636        1045           0         311        1202
2021-04-08 14:36:14            1993         637        1044           0         311        1202
2021-04-08 14:36:15            1993         620        1061           0         311        1219
2021-04-08 14:36:16            1993         620        1061           0         311        1219
2021-04-08 14:36:17            1993         620        1061           0         311        1219
2021-04-08 14:36:19            1993         620        1061           0         311        1219
2021-04-08 14:36:20            1993         620        1061           0         311        1219
2021-04-08 14:36:21            1993         620        1061           0         311        1218
2021-04-08 14:36:22            1993         620        1061           0         311        1219
2021-04-08 14:36:23            1993         620        1060           0         311        1218
2021-04-08 14:36:24            1993         620        1061           0         311        1219
2021-04-08 14:36:25            1993         620        1060           0         311        1218
2021-04-08 14:36:26            1993         620        1061           0         311        1219
2021-04-08 14:36:27            1993         620        1061           0         311        1219
2021-04-08 14:36:28            1993         621        1060           0         311        1218
2021-04-08 14:36:29            1993         620        1060           0         311        1218
2021-04-08 14:36:30            1993         620        1061           0         311        1219
2021-04-08 14:36:31            1993         620        1061           0         311        1219
2021-04-08 14:36:32            1993         620        1061           0         311        1219
2021-04-08 14:36:33            1993         620        1061           0         311        1219
2021-04-08 14:36:34            1993         620        1061           0         311        1219
2021-04-08 14:36:35            1993         620        1061           0         311        1219
2021-04-08 14:36:36            1993         620        1061           0         311        1219
2021-04-08 14:36:37            1993         638        1043           0         311        1201
2021-04-08 14:36:38            1993         637        1043           0         311        1201
2021-04-08 14:36:39            1993         637        1044           0         311        1202
2021-04-08 14:36:40            1993         638        1043           0         311        1201
2021-04-08 14:36:41            1993         637        1044           0         311        1202
2021-04-08 14:36:42            1993         638        1043           0         311        1201
2021-04-08 14:36:43            1993         637        1044           0         311        1202
2021-04-08 14:36:44            1993         638        1043           0         311        1201
2021-04-08 14:36:45            1993         638        1043           0         311        1201
2021-04-08 14:36:46            1993         637        1044           0         311        1202
2021-04-08 14:36:47            1993         638        1043           0         311        1201
2021-04-08 14:36:48            1993         638        1043           0         311        1201
2021-04-08 14:36:49            1993         638        1043           0         311        1201
2021-04-08 14:36:50            1993         620        1061           0         311        1219
2021-04-08 14:36:51            1993         620        1061           0         311        1219
2021-04-08 14:36:52            1993         620        1061           0         311        1219
2021-04-08 14:36:53            1993         620        1061           0         311        1219
2021-04-08 14:36:54            1993         620        1060           0         311        1219
2021-04-08 14:36:55            1993         620        1061           0         311        1219
2021-04-08 14:36:56            1993         622        1059           0         311        1217
